MEAN: [0.4046205, 0.40267563, 0.43739837]
VARIANCE: [0.025543228, 0.028248355, 0.030168682]
STANDARD DEVIATION: [0.1598225, 0.16807246, 0.17369135]
